1473588030100---                      30072962028      0                      0
1473588030101---                      27062962027      4                      4
1473588030102---                      28082962027      1                      1
1473588030103---                      28082962025      1                      1
1473588030104---                      29102962023      1                      1
1473588030105---                      29112962022      0                      0
1473588030106---                      29052965022      0                      0
1473588030107---                      29102965021      0                      0
1473588030108026                      31082968022      6                      6
1473588030109026                      27142968023      7                      7
1473588030110026                      30162968023      6                      6
1473588030111---                      30152968024      2                      2
1473588030112---                      27172965024      0                      0
1473588030113---                      27182962025      0                      0
1473588030114---                      31142959025      0                      0
1473588030115---                      26182959024      0                      0
1473588030116---                      27142956024      0                      0
1473588030117---                      27172956022      0                      0
1473588030118---                      27172956019      0                      0
1473588030119---                      27172956018      0                      0
1473588030120---                      28132959016      0                      0
1473588030121---                      28132956015      0                      0
1473588030122---                      29092956014      0                      0
1473588030123---                      22062956013      0                      0
1473588030200---                      21052956011      0                      0
1473588030201---                      29032956009      0                      0
1473588030202---                      00002953007      0                      0
1473588030203---                      00002950006      0                      0
1473588030204---                      00002950005      0                      0
1473588030205---                      00002950006      0                      0
1473588030206---                      00002950004      0                      0
1473588030207---                      00002950004      2                      2
1473588030208---                      12042950012      0                      0
1473588030209---                      16082950016      2                      0
1473588030210250                      17122953019      7                      5
1473588030211250                      15092953021      7                      5
1473588030212---                      16092953025      4                      1
1473588030213090                      17082950031      8                      6
1473588030214090                      15102950033      9                      7
1473588030215080                      18112950038      8                      7
1473588030216065                      18112950038      8                      8
1473588030217065                      18082950040      -                      -
1473588030218065                      18062950040      9                      9
1473588030219065                      18062953039      9                      9
1473588030220065                      18092956041      9                      9
1473588030221065                      18092956043      9                      9
1473588030222045                      17102959044      -                      -
1473588030223040                      04042959042      -                      -
1473588030300040                      33062959040      -                      -
1473588030301030                      31082962040      -                      -
1473588030302038                      28062962038      -                      -
1473588030303018                      27052962039      -                      -
1473588030304018                      27072962039      -                      -
1473588030305022                      27082962038      -                      -
1473588030306022                      28122965036      -                      -
1473588030307030                      30122965035      8                      7
1473588030308180                      27102965034      6                      5
1473588030309035                      31152968036      7                      6
1473588030310100                      30152968037      8                      6
1473588030311180                      30122968037      8                      7
1473588030312180                      28112968038      9                      8
1473588030313180                      28102965039      9                      9
1473588030314180                      26102965039      -                      8
1473588030315180                      25072962038      -                      -
1473588030316110                      25082962037      -                      -
1473588030317110                      28062962037      -                      -
1473588030318110                      33052965036      -                      -
1473588030319055                      00002965035      -                      -
1473588030320045                      34052965034      -                      -
1473588030321030                      00002968034      -                      -
1473588030322008                      36052968030      -                      -
1473588030323008                      34042968029      -                      -
1473588030400004                      35062965029      -                      -
1473588030401004                      36072965027      -                      -
1473588030402004                      36072965025      -                      -
1473588030403004                      36072962025      -                      -
1473588030404007                      36082962024      -                      -
1473588030405007                      36122962024      -                      -
1473588030406014                      01092962024      -                      -
1473588030407008                      36092965023      -                      -
1473588030408007                      36062965023      -                      -
1473588030409008                      34062965024      -                      -
1473588030410007                      34072965025      -                      -
1473588030411009                      35062965026      -                      -
1473588030412010                      33062962027      -                      -
1473588030413014                      35072959028      -                      -  WDWS changed from 3507
1473588030414017                      04052956029      -                      -  WDWS changed from 0405
1473588030415025                      34052956030      -                      -
1473588030416019                      33052956030      -                      -
1473588030417019                      01062956029      -                      -
1473588030418022                      01052956029      -                      -
1473588030419022                      36082959028      -                      -
1473588030420150                      33062959027      -                      -
1473588030421---                      36062959025      -                      4
1473588030422---                      35072959023      3                      1
1473588030423---                      33112959024      2                      1
1473588030500---                      30192956024      2                      0
1473588030501---                      28142956022      0                      0
1473588030502---                      28112956022      0                      0
1473588030503---                      27132953022      0                      0
1473588030504---                      28162953022      0                      0
1473588030505---                      29122953021      0                      0
1473588030506---                      28132956021      0                      0
1473588030507---                      29122956021      0                      0
1473588030508---                      30152956022      0                      0
1473588030509---                      29132956024      0                      0
1473588030510---                      33092956027      0                      0
1473588030511---                      30092953028      0                      0
1473588030512---                      28082953030      0                      0
1473588030513---                      27112953031      0                      0
1473588030514---                      28152950032      0                      0
1473588030515---                      26152950033      0                      0
1473588030516---                      28142950033      0                      0
1473588030517---                      28102950033      0                      0
1473588030518---                      27112950031      0                      0
1473588030519---                      29112953029      0                      0
1473588030520---                      28102953028      0                      0
1473588030521---                      28082953027      2                      1
1473588030522---                      31052953026      3                      1
1473588030523---                      15052953019      0                      0
1473588030600---                      00002953016      0                      0
1473588030601---                      00002953014      0                      0
1473588030602---                      00002953011      0                      0
1473588030603---                      00002950012      0                      0
1473588030604---                      00002950011      0                      0
1473588030605---                      00002950010      0                      0
1473588030606---                      00002947009      0                      0
1473588030607---                      00002944009      0                      0
1473588030608---                      18072944019      0                      0
1473588030609---                      17082944025      0                      0
1473588030610---                      16082941029      0                      0
1473588030611---                      16092935032      0                      0
1473588030612---                      16082932036      0                      0
1473588030613---                      16092926039      0                      0
1473588030614---                      15092921041      0                      0
1473588030615---                      18102915043      0                      0
1473588030616---                      15122912044      0                      0
1473588030617---                      17122909044      1                      0
1473588030618---                      17102906042      3                      1
1473588030619---                      17102903040      4                      1
1473588030620---                      16092900039      3                      1
1473588030621---                      14082900038      2                      1
1473588030622---                      15092897037      2                      1
1473588030623---                      18092900037      0                      0
1473588030700---                      17092903036      0                      0
1473588030701---                      13102906035      0                      0
1473588030702---                      16102906035      0                      0
1473588030703---                      15072906034      2                      0
1473588030704---                      18082906034      2                      0
1473588030705---                      18062909032      2                      1
1473588030706---                      18082909032      2                      1
1473588030707---                      15072912031      0                      0
1473588030708---                      16052915034      1                      1
1473588030709---                      17062915038      0                      0
1473588030710---                      06032915045      0                      0
1473588030711---                      25142918047      2                      2
1473588030712050                      28132921047      8                      7
1473588030713045                      29142923047      7                      6
1473588030714035                      29162923043      7                      7
1473588030715038                      28132926042      8                      8
1473588030716045                      27152929043      9                      9
1473588030717045                      27142932042      6                      6
1473588030718045                      28132938041      6                      6
1473588030719---                      28142941040      3                      3
1473588030720---                      29132947039      2                      2
1473588030721---                      29182950038      1                      1
1473588030722---                      29122956037      0                      0
1473588030723---                      32102962035      0                      0
1473588030800---                      31072965031      1                      0
1473588030801---                      31072968031      0                      0
1473588030802---                      28062971028      1                      0
1473588030803---                      28062974030      0                      0
1473588030804---                      28042980027      0                      0
1473588030805---                      30042985025      0                      0
1473588030806---                      04072988022      1                      0
1473588030807---                      33042991024      0                      0
1473588030808---                      36062994030      0                      0
1473588030809---                      02083000031      1                      0
1473588030810---                      36033000034      2                      0
1473588030811---                      34033003036      0                      0
1473588030812---                      06053003038      1                      0
1473588030813---                      07053000040      1                      0
1473588030814---                      31043000042      4                      0
1473588030815---                      04062997043      7                      2
1473588030816250                      04042997043      8                      5
1473588030817090                      04053000043      8                      5
1473588030818090                      01053000039      8                      6
1473588030819090                      01043000037      8                      6
1473588030820090                      35053000035      6                      5
1473588030821090                      00003003036      -                      -
1473588030822---                      00003000033      7                      3
1473588030823090                      29042997031      7                      6
1473588030900---                      00002997029      6                      2
1473588030901---                      00002997029      5                      3
1473588030902---                      18122994038      4                      2
1473588030903---                      17142991037      8                      4
1473588030904---                      15112991037      7                      2
1473588030905---                      15102988037      8                      3
1473588030906---                      16122985037      8                      4
1473588030907---                      15112983037      -                      4
1473588030908---                      16122983038      -                      4
1473588030909100                      15142980041      9                      5
1473588030910250                      16132980044      -                      6
1473588030911100                      15152980045      -                      8
1473588030912065                      17192977044      -                      -
1473588030913065                      16182977045      -                      -
1473588030914065                      16152977046      -                      -
1473588030915045                      14112977045      -                      -
1473588030916041                      15112977044      -                      -
1473588030917038                      18162980047      -                      -
1473588030918038                      19132980045      -                      -
1473588030919038                      19122983044      -                      -
1473588030920026                      18092985043      -                      -
1473588030921026                      18072985042      -                      -
1473588030922035                      30132985042      -                      -
1473588030923041                      24062988040      -                      -
1473588031000019                      25102985041      -                      -
1473588031001032                      28142983040      -                      -
1473588031002020                      28082980039      -                      -
1473588031003041                      30122980039      -                      -
1473588031004023                      31132980038      -                      -
1473588031005045                      28142980037      -                      -
1473588031006045                      26142977036      9                      9
1473588031007041                      28102977036      -                      -
1473588031008038                      28112974036      -                      -
1473588031009040                      28122977037      -                      -
1473588031010045                      29212974040      8                      7
1473588031011---                      29202971039      7                      3
1473588031012037                      29172971040      8                      6
1473588031013---                      29182965040      3                      2
1473588031014---                      30122962040      2                      2
1473588031015---                      30182959041      1                      1
1473588031016---                      30202956039      0                      0
1473588031017---                      29172953039      0                      0
1473588031018---                      29132953036      0                      0
1473588031019---                      30142950034      0                      0
1473588031020---                      29152947033      0                      0
1473588031021---                      30142944032      0                      0
1473588031022---                      29122938031      0                      0
1473588031023---                      31082935030      0                      0
1473588031100---                      29072935029      0                      0
